{'KokshetauMount':[53.08011782238714, 70.18886394232051],
'ImanaevSpring':[53.07660540536487, 70.2163996255805],
'KenesaryCave':[53.05949142394258, 70.25021469999896],
'Aul-BulWaterfall':[52.55619806147388, 69.27874199999964],
'YereyMount':[51.5000128577253, 72.9999999999992],
'Kon-AulCave':[50.80858651014847, 75.50985929999823],
'TengLake':[50.400013127630125, 68.95000009997932],
'AltAlps':[49.94327045675463, 83.00824427116243],
'BelMountain':[49.807541043578006, 86.58995698462012],
'DombMausol':[48.19337412807214, 67.84486230000458],
'JuchiMausol':[48.155291436039185, 67.817381800001],
'KarkarMount':[48.42244879007708, 75.46938479997179],
'MarkaLake':[48.74274737607232, 85.77494243127501],
'Kiin-Kerish':[48.13114405892602, 84.4975242999999],
'ImanCave':[47.40496667276862, 54.45827101539224],
'MazBayanSulu':[47.29410828499005, 79.7034808711653],
'BaikonCosmo':[45.96458882880803, 63.30524280000217],
'Balkash':[46.26967371429706, 74.71497513048224],
'JungarGates':[45.41659088931456, 82.41670961528733],
'BurhBulWaterfall':[45.00732880725872, 79.20753750000453],
'SherMount':[44.25643455545821, 52.00611100002877],
'UnderMosque':[43.59704531506205, 54.06982720000727],
'AtaShip':[43.84462050679527, 68.35416254231754],
'UkashaRelig':[43.61558215127205, 68.26182349999613],
'Sauran':[43.435017316496356, 67.92644968674982],
'HojiMosque':[43.29770159577769, 68.27108927117087],
'ArystanAttr':[42.85158683274001, 68.26810290000488],
'AishaBibi':[42.83391203388011, 71.21059419999871],
'KostobeMemor':[42.98894092802794, 71.5239090000057],
'TamgalyMemor':[44.061303745161176, 76.9961910711591],
'Nomad':[44.03689573069852, 76.9954045134945],
'KurgBes':[43.92329639148979, 78.20963107115932],
'BarhSing':[43.861637832165584, 78.57011500000387],
'CharynPark':[43.35126540234399, 79.07914160000078],
'IssykMuseum':[43.39109340178286, 77.39594042883253],
'AkBulak':[43.26970870601822, 77.3658054711585],
'IssykLake':[43.254005904755445, 77.48441577093278],
'KairakWaterfall':[43.18578859563728, 77.73347908464928],
'KolsaiLake':[42.95262064479722, 78.30976929999323],
'Kaindy':[42.98465937228822, 78.4656961912384],
'ButakCanyon':[43.19036025553673, 76.99947908466699],
'ButakWaterfall':[43.1723323858667, 77.11400700000175],
'Medeu':[43.157396731898366, 77.05900279323821],
'ShymbulakResort':[43.12878022112621, 77.08053789375332],
'Kok-Tobe':[43.12975847008986, 76.90505600001099],
'NursultanMount':[43.086928179130354, 77.12083329999673],
'AlmatyLake':[43.050571130157344, 76.98491416930516]}
